"key","message","comment","context"
"% Gap",,,
"%d MO created.",,,
"%s building",,,
"%s consume",,,
"%s missing",,,
"* %s Computed work in progress valuation","Wycena pracy obliczeniowej w toku",,
"105",,,
"5",,,
"A cancel reason must be selected",,,
"Action",,,
"Actions","Działanie",,
"Add Manuf. Order","Działania",,
"Add components in bulk",,,
"Add to components",,,
"All Current Manufacturing Orders","Dodaj Manuf. Zarządzenie",,
"All Upcoming Manufacturing Orders","Wszystkie bieżące zamówienia produkcyjne",,
"All products has been consumed","Toutes les matières premières ont été consommées",,
"Allocate",,,
"Allocate all",,,
"Alternative Bill of materials","Wszystkie nadchodzące zamówienia produkcyjne",,
"App",,,
"App production","Alternatywny konosament materiału",,
"Applicable","Produkcja aplikacji",,
"Approval","Obowiązujące",,
"Are you sure you want to merge those manufacturing orders?",,,
"Auto request qty for manuf orders",,,
"Automatic email was not sent because no default email account and/or no valid email account was found : please create one.",,,
"Automatically plan after fusion",,,
"Automatically plan the manuf. orders generated from sale order","Zatwierdzenie",,
"Available stock","Automatycznie planuj zamówienia manuf.",,
"Average Price","Dostępne zapasy",,
"BOM","Średnia cena",,
"BOM.billOfMaterialList","BOM",,
"BOM.company","Podsumowanie komponentów",,
"BOM.defineSubBillOfMaterial","Firma",,
"BOM.hasNoManageStock","Zdefiniuj podpartament materiału",,
"BOM.priority","Nie zarządzaj zapasami.",,
"BOM.qty","Priorytet",,
"BOM.residualProducts",,,
"BOM.title","Ilość",,
"BOM.unit","Wykaz materiału",,
"BOM.versionNumber","Jednostka",,
"BOMs","Wersja Numer wersji",,
"Barcode","BOMy",,
"Barcode Type","Kod kreskowy",,
"Batchs","Typ kodu kreskowego",,
"Bill of Materials","Partie",,
"Bill of material",,,
"Bill of materials","Konosament materiału",,
"BillOfMaterial","Wykaz materiałów",,
"Bills of material","BillOfMateriał",,
"Bills of material filters",,,
"Bills of materials","Weksle materiałowe",,
"BoM","Listy materiałów",,
"Bom child tree list","BoM",,
"Bom level","Lista drzewek bombowych",,
"Bom tree list","Poziom belek polowych",,
"Brand","Lista drzew bombowych",,
"Buying currency",,,
"Buying date",,,
"Buying price",,,
"Calculate all BOM levels","Parcourir les niveaux de nomenclature",,
"Calculation date",,,
"Calculation number","N° de calcul",,
"Calculation type","Marka",,
"Cancel","Typ obliczeń",,
"Cancel Reason",,,
"Cancel Reasons",,,
"Cancel reason",,,
"Cancel reservation",,,
"Canceled","Anulowanie",,
"Cancellation",,,
"Cancellation confirmation",,,
"Cancelled MOs","Anulowany",,
"Cancelled Operations","Anulowane MO",,
"Cannot add a manufacturing order without a production process. Please check that your chosen bill of materials has a valid production process.","Operacje anulowane",,
"Capacity settings","Nie można dodać zlecenia produkcyjnego bez procesu produkcyjnego. Proszę sprawdzić, czy wybrany przez Państwa wykaz materiałów posiada prawidłowy proces produkcyjny.",,
"Category",,,
"Change allocated qty",,,
"Charge by machine","Ustawienia pojemności",,
"Code","Ładowanie przez maszynę",,
"Comments","Kod",,
"Companies","Sociétés",,
"Company","Komentarze",,
"Completed",,,
"Components","Firma",,
"Components default stock location","Części składowe",,
"Components valuation method for BOM",,,
"Components valuation method for manuf. order",,,
"Comput. cost",,,
"Compute cost price","Metoda wyceny składników",,
"Compute total forecast",,,
"Compute work in progress valuation","Obliczyć kosztorys",,
"Computed_cost",,,
"Condition","Wycena produkcji w toku",,
"Configuration","Warunek",,
"Configuration issue in product %s: the MRP execution was canceled because a loop was detected when searching for components in BOM.",,,
"Configuration issue: the MRP execution was canceled because a loop was detected when searching for components in BOM.",,,
"Configurator","Konfiguracja",,
"Configurator BOM","Konfigurator",,
"Configurator BOM component",,,
"Configurator BOM components",,,
"Configurator BOM tree view","Konfigurator BOM",,
"Configurator BoM","Konfigurator widok drzewa BOM",,
"Configurator Phase","Konfigurator BoM",,
"Configurator Phases","Konfigurator Faza",,
"Configurator Prod Process","Konfigurator Fazy",,
"Configurator Prod Process filters",,,
"Configurator creators","Konfigurator procesu drążka",,
"Configurator prod product",,,
"Configurator prod products",,,
"Configurator production process","Konfigurator kreatorów",,
"Configurators","Konfigurator procesu produkcji",,
"Configurators BOMs","Konfiguratory",,
"Configurators BOMs tree","Konfiguratory BOM",,
"Confirm",,,
"Confirm cancellation",,,
"Confirm forecasts",,,
"Confirmed",,,
"Consume in stock moves",,,
"Consumed product","Konfiguratory Drzewo BOM",,
"Consumed product waste","Produkt spożywczy",,
"Consumed products","Zużyte odpady produktów",,
"Consumed products on phases",,,
"Consumed quantity","Produkty spożywane",,
"Consumption","Ilość konsumowana",,
"Consumption qty","Konsumpcja",,
"Control on receipt","Ilość zużywanej energii",,
"Cost","Kontrola przy odbiorze",,
"Cost (W.T.)","Koszt",,
"Cost Price","Koszt (W.T.)",,
"Cost calculations",,,
"Cost price","Koszt Koszt Cena",,
"Cost price calculation","Calcul prix de revient",,
"Cost sheet","Cena zakupu",,
"Cost sheet - %s","Arkusz kosztów",,
"Cost sheet group","Arkusz kosztów - %s",,
"Cost sheet group for product","Arkusz kalkulacyjny Grupa kosztów",,
"Cost sheet group for work center","Grupa arkusza kalkulacyjnego dla produktu",,
"Cost sheet groups","Grupa arkusza kalkulacyjnego dla centrum roboczego",,
"Cost sheet line","Grupy arkuszy kalkulacyjnych",,
"Cost sheet line detail","Linia kosztorysowa",,
"Cost sheet lines","Szczegóły dotyczące linii arkusza kalkulacyjnego",,
"Cost sheet valuation",,,
"Cost sheets","Linie arkuszy kalkulacyjnych",,
"Cost sheets tree","Arkusze kosztów",,
"Cost to apply","Coût à appliquer",,
"Cost type","Arkusze kalkulacyjne drzewa",,
"CostSheet","Rodzaj kosztów",,
"CostSheet.ManufOrderNumber","Arkusz kalkulacyjny",,
"CostSheet.billOfMaterial","MO NR NR",,
"CostSheet.calculationDate",,,
"CostSheet.calculationType",,,
"CostSheet.calculationTypeBillOfMaterial",,,
"CostSheet.calculationTypeEndOfProduction",,,
"CostSheet.calculationTypePartialEndOfProduction",,,
"CostSheet.calculationTypeWorkInProgress",,,
"CostSheet.company","Wykaz materiału",,
"CostSheet.costPrice","Firma",,
"CostSheet.costSheetLineBomLevel","Koszt Koszt Cena",,
"CostSheet.costSheetLineCode","Poziom BOM",,
"CostSheet.costSheetLineConsumptionQty","Kod",,
"CostSheet.costSheetLineCostSheetGroup","Zużycie Qty",,
"CostSheet.costSheetLineName","Arkusz kosztów Grupa",,
"CostSheet.costSheetLineUnit","Nazwa",,
"CostSheet.costSheetLines","Jednostka",,
"CostSheet.createdBy","Szczegóły dotyczące arkusza kalkulacyjnego",,
"CostSheet.createdOn","Stworzony przez",,
"CostSheet.currency","Utworzony On",,
"CostSheet.dateOfEdition","Waluta",,
"CostSheet.legend",,,
"CostSheet.lineType","Data wydania",,
"CostSheet.lineTypeConsumeProduct","Typ",,
"CostSheet.lineTypeConsumeProductWaste","Produkt spożywczy",,
"CostSheet.lineTypeHuman",,,
"CostSheet.lineTypeIndirectCost","Zużyte odpady produktów",,
"CostSheet.lineTypeProduceProduct","Koszty pośrednie",,
"CostSheet.lineTypeWorkCenter","Wyprodukuj produkt",,
"CostSheet.manufOrder","Centrum pracy",,
"CostSheet.title","Porządek produkcyjny",,
"Cost_to_apply",,,
"Costing settings","KOSZTOWY ARKUSZ",,
"Costs computed","Coûts calculés",,
"Costs updated","Coûts mis à jour",,
"Create a bill of material",,,
"Create a production process",,,
"Create production order","Ustawienia kosztów",,
"Created by","Tworzenie zamówienia produkcyjnego",,
"Created on","Stworzony przez",,
"Currency","Utworzony na",,
"Customer","Waluta",,
"Cycle unit","Klient",,
"Dashboard","Jednostka cyklu",,
"Data import failed",,,
"Date of calculation","Tablica rozdzielcza",,
"Dates","Data obliczeń",,
"Deallocate",,,
"Deallocate all",,,
"Default BOM","Daty",,
"Default Bill of materials","Domyślna BOM",,
"Default sequence","Domyślne ustawienia maszyny",,
"Default work center product","Kolejność domyślna",,
"Define as default bill of materials of product","Domyślny produkt centrum roboczego",,
"Define sub bill of material",,,
"Define sub bill of materials","Zdefiniuj jako domyślny wykaz materiałów produktu",,
"Define with a configurator","Zdefiniuj podpartament materiału",,
"Define with a script","Definiowanie za pomocą konfiguratora",,
"Description","Definiowanie za pomocą skryptu",,
"Descriptions","Opis",,
"Details",,,
"Diff","Opisy",,
"Diff consume manuf order","Różne",,
"Diff consume operation order","Zróżnicowane zamówienie manufaktura",,
"Difference","Zróżnicowana kolejność operacji zużywania",,
"Differences","Różnica",,
"Direct Manufacturing","Różnice",,
"Direct Material","Produkcja bezpośrednia",,
"Display products tree",,,
"Disposal date",,,
"Do you really wish to create a new version of this bill of materials ?","Bezpośredni materiał",,
"Do you really wish to create a new version of this production process ?","Czy naprawdę chcesz stworzyć nową wersję tego wykazu materiałów?",,
"Draft","Czy naprawdę chcesz stworzyć nową wersję tego procesu produkcyjnego?",,
"Draft MOs","Wstępny projekt",,
"Draft Operations","Projekty protokołów ustaleń",,
"Duration","Projekty operacji",,
"Duration (days)","Czas trwania pomocy",,
"Duration (hours)","Czas trwania pomocy (w dniach)",,
"Duration / cycle (hh:mm:ss)",,,
"Duration between two cycles (hh:mm:ss)",,,
"Duration on MOs","Czas trwania między dwoma cyklami (hh:mm)",,
"Enable Tool Management",,,
"Enable production configurator","Czas trwania MO",,
"Enable the process for other products","Włącz konfigurator produkcji",,
"End Month",,,
"End date","Włączyć proces dla innych produktów",,
"End month should be after Start Month",,,
"End of production","Data końcowa",,
"Ending duration (hh:mm:ss)",,,
"Error : You must configure a raw material requirement reporting sequence for the company %s","Czas trwania (hh:mm)",,
"Error during production's order's creation","Błąd: Musisz skonfigurować sekwencję raportowania zapotrzebowania surowcowego dla firmy %s",,
"Error while generating bill of material: the product of the bill of material is supposed to be computed from a script but the script did not return a product.",,,
"Error while generating bill of material: the product of the bill of material is supposed to be filled in the configurator BOM but it was empty.",,,
"Error while generating bill of material: the product of the bill of material is supposed to be generated from the configurator but the configurator did not generate a product.",,,
"Expected/Future Quantity","Błąd podczas tworzenia zamówienia produkcyjnego",,
"Export","Exporter",,
"Filters",,,
"Finish","Przewidywana/przyszła Ilość",,
"Finished","Finisz",,
"Finished MOs","Gotowe",,
"Finished Operations","Gotowe MO",,
"Finished products","Zakończone operacje",,
"Finished products default stock location","Produkty gotowe",,
"Forecast","Domyślna lokalizacja zapasów gotowych produktów",,
"Forecast on historic",,,
"Forecasts",,,
"Friday hours",,,
"From","Prognoza",,
"From Date","Od",,
"General BoM",,,
"Generate MO",,,
"Generate MPS forecasts",,,
"Generate Sales and Operations Planning Lines",,,
"Generate a purchase order on MO planning",,,
"Generate new version","Od daty",,
"Generate periods",,,
"Generate production configurations","Generowanie nowej wersji",,
"Generate production orders automatically","Generowanie konfiguracji produkcyjnych",,
"Generate waste stock move","Automatyczne generowanie zleceń produkcyjnych",,
"Growth Coefficient",,,
"High","Przenoszenie zapasów odpadów",,
"Historic year",,,
"Hours of use",,,
"Human","Wysoki",,
"Human Ressources Assigned per Manufacturing order","Człowiek",,
"Human and Machine","Zasoby ludzkie przypisane do zamówienia produkcyjnego",,
"Human resources","Człowiek i maszyna",,
"If true, the components will be automatically requested for reservation on planning manufacturing orders.",,,
"Image","Zasoby ludzkie",,
"Import","Importer",,
"Import CSV",,,
"In manuf order","Obrazek",,
"In operation order","W zamówieniu manufaktury",,
"In progress","W stanie gotowości do pracy",,
"Indirect","W trakcie realizacji",,
"Indirect cost","Pośrednie",,
"Information",,,
"Input file",,,
"Invalid date",,,
"Is closed","Koszty pośrednie",,
"Is generated",,,
"Is with difference","Jest trwały.",,
"Is workshop","Jest z różnicą",,
"It will remove subcontractor tag from all partners. This change is irreversible",,,
"Label","Czy warsztat jest warsztatem?",,
"Last overhaul date",,,
"Last production price","Etykieta",,
"Late Planned MOs","Ostatnia cena produkcji",,
"Late Planned Operations","Późno zaplanowane MO",,
"Launch quantity","Późno zaplanowane działania",,
"Level","Ilość wprowadzana na rynek",,
"List of Wastes Per Product","Poziom",,
"Low","Lista odpadów na produkt",,
"MO","Niskie",,
"MO's comment from sale order",,,
"MO's comment from sale order line",,,
"MO's valuation method","MO",,
"MOs Finished late","Metoda wyceny stosowana przez MO",,
"MOs In Progress","MOs Zakończono z opóźnieniem",,
"MOs In Standby","MO w toku",,
"MOs to invoice","MOs w trybie gotowości",,
"MPS",,,
"MPS Charge",,,
"MPS Weekly schedules",,,
"Machine","MO do faktury",,
"Machine Information",,,
"Machine Planning",,,
"Machine Type","Maszyna",,
"Machine Types","Typ maszyny",,
"Machine settings",,,
"Machine's planning","Typy maszyn",,
"Machines","Planowanie maszyny",,
"Maintenance cost",,,
"Manage Master Production Scheduling Charge",,,
"Manage bill of materials versions","Maszyny",,
"Manage business production","Zarządzanie wykazem wersji materiałów",,
"Manage consumed products on operations","Zarządzaj produkcją biznesową",,
"Manage consumed products on phases","Zarządzaj zużytymi produktami podczas operacji",,
"Manage cost sheet group",,,
"Manage outsourcing",,,
"Manage production process versions","Zarządzanie zużytymi produktami na poszczególnych etapach",,
"Manage residual products on BOM","Zarządzanie wersjami procesów produkcyjnych",,
"Manage work center group",,,
"Manage workshop","Zarządzanie pozostałościami produktów na BOM",,
"Manuf order",,,
"Manuf. date",,,
"Manuf. orders","Zarządzanie warsztatem",,
"Manuf. reference",,,
"ManufOrder","Manuf. zamówienia",,
"ManufOrder.billOfMaterial","ManufOrder",,
"ManufOrder.company","Wykaz materiału",,
"ManufOrder.costPrice","Firma",,
"ManufOrder.editionDate","Kwota",,
"ManufOrder.effective","Data wydania",,
"ManufOrder.endDate","Skuteczny",,
"ManufOrder.forecast","Data zakończenia",,
"ManufOrder.from","Prognoza",,
"ManufOrder.inProgress","Od",,
"ManufOrder.machine","W trakcie realizacji",,
"ManufOrder.moCommentFromSaleOrder",,,
"ManufOrder.noLocation","Maszyna",,
"ManufOrder.num","Brak warsztatu",,
"ManufOrder.operation","N°",,
"ManufOrder.operationDetails","Działanie",,
"ManufOrder.operations","Szczegóły dotyczące operacji",,
"ManufOrder.origin","Podsumowanie operacji",,
"ManufOrder.plannedEndDate","Pochodzenie",,
"ManufOrder.plannedStartDate","Planowany koniec",,
"ManufOrder.product","Planowana data rozpoczęcia",,
"ManufOrder.productBarcode","Produkt",,
"ManufOrder.productCode","Kod kreskowy",,
"ManufOrder.productName","Kod produktu",,
"ManufOrder.productionProcess","Nazwa produktu",,
"ManufOrder.productsToPrepare","Proces produkcji",,
"ManufOrder.quantity","Produkty do przygotowania (konsumpcji)",,
"ManufOrder.rack","Ilość",,
"ManufOrder.seq","Regał",,
"ManufOrder.serial","MO n°",,
"ManufOrder.standBy","Maszyna (numer seryjny)",,
"ManufOrder.startDate","Gotowość do pracy",,
"ManufOrder.status","Data rozpoczęcia",,
"ManufOrder.stockLocation","Status",,
"ManufOrder.title","Warsztaty",,
"ManufOrder.to","Kolejność produkcji",,
"ManufOrder.total","Do",,
"ManufOrder.trackingNumber","Ogółem",,
"ManufOrder.workCenter","Numer monitorowania",,
"Manufacturer",,,
"Manufacturing","Centrum pracy",,
"Manufacturing Dashboard","Przetwórstwo przemysłowe",,
"Manufacturing Order",,,
"Manufacturing Order (StockMove In)","Produkcja deski rozdzielczej",,
"Manufacturing Order (StockMove Out)","Zamówienie produkcyjne (StockMove In)",,
"Manufacturing order","Zamówienie produkcyjne (StockMove Out)",,
"Manufacturing order filters","Kolejność produkcji",,
"Manufacturing order merge result",,,
"Manufacturing order sequence","Produkcja filtrów na zamówienie",,
"Manufacturing orders","Kolejność zamówień produkcyjnych",,
"Manufacturing orders on StandBy","Zamówienia produkcyjne",,
"Manufacturing period",,,
"Manufacturing periods",,,
"Manufacturing process","Zamówienia produkcyjne w trybie gotowości",,
"Manufacturing proposal","Proces produkcji",,
"Master Production Scheduling Charge",,,
"Max depth reached when copying BOM.","Propozycja produkcji",,
"Max. capacity / cycle","Maksymalna głębokość osiągnięta podczas kopiowania BOM.",,
"Maximum level",,,
"Merge",,,
"Merged",,,
"Merged MO",,,
"Merged manuf orders",,,
"Message template",,,
"Min. capacity / cycle","Maks. wydajność / cykl",,
"Missing quantity","Min. wydajność / cykl",,
"Monday hours",,,
"Move types",,,
"Moves In/Out","Brakująca ilość",,
"Mps Charge",,,
"MpsCharge.code",,,
"MpsCharge.endMonth",,,
"MpsCharge.startMonth",,,
"MpsCharge.title",,,
"Multi-level planning",,,
"Multiple same product selected in the list.",,,
"Name","Przenoszenie wejść/wyjść",,
"Name cannot be null for prod process line to generate. Please correct on prod process line configurator id : %s.",,,
"Name cannot be null for prod process to generate. Please correct on prod process configurator id : %s.",,,
"Nb of digits for BOM quantities","Nazwa",,
"Need / Manufacturing order","Nb cyfr dla ilości BOM",,
"Need / Manufacturing proposal","Potrzeba / zlecenie produkcyjne",,
"Next overhaul date",,,
"No production order could be generated. Make sure that everything has been configured correctly. Reminder: check that the order lines that should be produced have their supply method set to 'produce' and that the chosen BoM has a production process associated to it.","Potrzeba / Propozycja produkcji",,
"Normal","Nie można było wygenerować zamówienia produkcyjnego. Upewnij się, że wszystko zostało skonfigurowane prawidłowo. Przypomnienie: należy sprawdzić, czy linie zamówień, które powinny być produkowane, mają ustawioną metodę dostaw w celu produkcji i czy wybrany BoM ma powiązany z nią proces produkcji.",,
"Not enough quantity in products to consume for: %s","Normalny",,
"Not manage stock","Niewystarczająca ilość produktów do spożycia: %s",,
"Note","Nie zarządzaj zapasami.",,
"Number of components","Uwaga: Nie należy stosować się do zaleceń zawartych w niniejszej instrukcji obsługi.",,
"Number of phases","Liczba części składowych",,
"Number of stations",,,
"OK","Liczba faz",,
"Obsolete","OK",,
"On Finish","Akt prawny jest przestarzały",,
"On Start","Na Finiszu",,
"One production order per sale order","Na starcie",,
"Open tree","Jedno zlecenie produkcji na jedno zlecenie sprzedaży",,
"Operating duration","Otwarte drzewo",,
"Operation","Czas trwania działania",,
"Operation Order","Działanie",,
"Operation Order Duration","Zlecenie operacyjne",,
"Operation Order Durations","Czas trwania zlecenia operacyjnego",,
"Operation name","Czas trwania operacji",,
"Operation order","Nazwa operacji",,
"Operation order filters","Kolejność operacji",,
"Operation orders","Filtry zamówienia eksploatacyjnego",,
"OperationOrder.associatedBOM","Zlecenia operacyjne",,
"OperationOrder.cycleDuration","OperationOrder.associatedBOM",,
"OperationOrder.dates","Czas trwania cyklu",,
"OperationOrder.delayBtwCycle","Daty",,
"OperationOrder.machine","Cykl opóźniający dwa razy w tygodniu",,
"OperationOrder.num","Maszyna",,
"OperationOrder.operationDetails","N°",,
"OperationOrder.operationName","Szczegóły działania",,
"OperationOrder.operationRequirement","Nazwa operacji",,
"OperationOrder.plannedEndDate","Wymagania eksploatacyjne",,
"OperationOrder.plannedStartDate","Planowana data zakończenia",,
"OperationOrder.productBarcode","Planowana data rozpoczęcia",,
"OperationOrder.productName","Kod kreskowy produktu",,
"OperationOrder.productToPrepare","Nazwa produktu",,
"OperationOrder.qty","Produkty do przygotowania (konsumpcji)",,
"OperationOrder.realEndDate","Ilość",,
"OperationOrder.realStartDate","Rzeczywista data końcowa",,
"OperationOrder.relatedToProduct","Rzeczywista data uruchomienia",,
"OperationOrder.startTime","Powiązany wykaz materiałów",,
"OperationOrder.stopTime","Czas startu",,
"OperationOrder.title","Czas postoju",,
"OperationOrder.trackingNumber","KOLEJNOŚĆ DZIAŁANIA",,
"Operations","OperationOrder.trackingNumber",,
"Operations Finished late","Operacje",,
"Operations In Progress","Operacje zakończone z opóźnieniem",,
"Operations In Standby","Operacje w toku",,
"Operations orders","Operacje w trybie czuwania",,
"Operations to invoice","Zlecenia operacyjne",,
"Operations with difference","Operacje do faktury",,
"Optional","Operacje z różnicą",,
"Options","Nieobowiązkowe",,
"Origin","Opcje",,
"Original bill of materials","Pochodzenie",,
"Original production process","Oryginalny wykaz materiałów",,
"Out manuf order","Oryginalny proces produkcji",,
"Outsourced",,,
"Outsourcing","Zamówienie manufaktury",,
"Outsourcing location",,,
"Outsourcing order",,,
"Outsourcing stock location",,,
"Parent","Outsourcing",,
"Parent BOM","Rodzic",,
"Parent Configurator BOM","Jednostka dominująca BOM",,
"Partial Finish","Konfigurator macierzysty BOM",,
"Partial end of production","Częściowe wykończenie",,
"Pause","Częściowy koniec produkcji",,
"Per Cycle","Pauza",,
"Per hour","na cykl",,
"Per piece","Za godzinę",,
"Period",,,
"Periods generation assistant",,,
"Permanent","Za sztukę",,
"Permanent manufacturing orders","Trwałe",,
"Personalized","Stałe zamówienia produkcyjne",,
"Personalized BoM",,,
"Personalized nomenclature created","Zindywidualizowane",,
"Phase","Stworzenie spersonalizowanej nomenklatury",,
"Phases","Faza",,
"Picture","Fazy",,
"Plan","Zdjęcie",,
"Plan only product with missing quantities",,,
"Planned","Plan",,
"Planned MOs","Planowane",,
"Planned Operations","Planowane MO",,
"Planned Qty","Planowane działania",,
"Planned dates","Planowana liczba szt.",,
"Planned duration (hh:mm:ss)",,,
"Planned end","Planowany czas trwania",,
"Planned end date","Planowany koniec",,
"Planned operations","Planowana data zakończenia",,
"Planned start","Planowane działania",,
"Planned start date","Planowany start",,
"Please fill the machine in the workcenter %s.","Planowana data rozpoczęcia",,
"Please fill the work center group with at least one work center.",,,
"Please fill unit for product %s.",,,
"Please select an element (a product, a product category or a product family) to run calculation",,,
"Please select at least one product in the list.",,,
"Please select more than one manufacturing order.",,,
"Please select something to merge",,,
"Please select the Manufacturing order(s) to print.","Proszę napełnić maszynę w centrum obróbczym %s.",,
"Please select the Operation order(s) to print.","Proszę wybrać zlecenie(-a) produkcyjne do wydruku.",,
"Please take the following comment into account:",,,
"Pre-fill operations","Proszę wybrać zlecenie(-a) operacji do wydruku.",,
"Previous cost",,,
"Previsional charge by machine (per days)","Operacje wstępnego napełniania",,
"Previsional charge by machine (per hour)","Opłata wstępna według maszyny (za dni)",,
"Print","Ładunek wstępny według maszyny (na godzinę)",,
"Print Production Process","Drukuj",,
"Print planned date on manuf order ?","Proces produkcji poligraficznej",,
"Print the cost sheet line detail","Wydruk planowanej daty na zamówieniu manufaktury ?",,
"Printings","Wydruk szczegółów linii kosztowej arkusza kalkulacyjnego",,
"Priority","Wydruki",,
"Prod proces lines",,,
"Prod process","Priorytet",,
"Prod process filters",,,
"Prod process line","Proces drążenia",,
"Prod. Human resource","Linia technologiczna Prod",,
"Prod. Human resources","Prod. Zasoby ludzkie",,
"ProdProcess.company","Prod. Zasoby ludzkie",,
"ProdProcess.consumeProduct","Firma",,
"ProdProcess.description","Konsumpcja produktów",,
"ProdProcess.isOperation","Opis",,
"ProdProcess.isOutsourcing","Zarządzanie zużytymi produktami na poszczególnych etapach",,
"ProdProcess.label","Outsourcing",,
"ProdProcess.name","Etykieta",,
"ProdProcess.outsourcing","Etykieta",,
"ProdProcess.phases","Outsourcing",,
"ProdProcess.priority","Fazy",,
"ProdProcess.producedProductStockLocation","Priorytet",,
"ProdProcess.product","Lokalizacja magazynowa dla wytwarzanego produktu",,
"ProdProcess.qty","Produkt",,
"ProdProcess.stockLocation","Ilość",,
"ProdProcess.unit","Lokalizacja produktu",,
"ProdProcess.workcenter","Jednostka",,
"Produced product","Centrum pracy",,
"Produced products","Produkt wytworzony",,
"Produced quantity","Produkty wytworzone",,
"Produced ratio",,,
"Product","Ilość wyprodukowana",,
"Product approval","Produkt",,
"Product approvals","Zatwierdzenie produktu",,
"Product cannot be null for prod product to generate. Please correct on prod product configurator id : %s.",,,
"Product categories","Catégories de produit",,
"Product families","Familles de produit",,
"Product sub-types","Sous-types produit",,
"Product_code",,,
"Product_currency",,,
"Product_name",,,
"Production",,,
"Production Batch","Zatwierdzenia produktów",,
"Production and cost settings","Partia produkcyjna",,
"Production batch","Ustawienia produkcyjne i kosztowe",,
"Production batch filters",,,
"Production batches","Partia produkcyjna",,
"Production config","Partie produkcyjne",,
"Production config (${ name })","Konfiguracja produkcji",,
"Production configuration","Konfiguracja produkcji (${ nazwa })",,
"Production configurations","Konfiguracja produkcji",,
"Production forecast",,,
"Production note","Konfiguracje produkcyjne",,
"Production order","Nota produkcyjna",,
"Production order filters","Zamówienie produkcyjne",,
"Production order generated","Filtry zamówienia produkcyjnego",,
"Production order management from sale order","Wygenerowane zlecenie produkcyjne",,
"Production order wizard","Zarządzanie zleceniami produkcji z zlecenia sprzedaży",,
"Production orders","Kreator zleceń produkcyjnych",,
"Production orders closed","Zamówienia produkcyjne",,
"Production process","Zamknięcie zleceń produkcyjnych",,
"Production process configurator","Proces produkcji",,
"Production processes","Konfigurator procesu produkcji",,
"Production stock location","Procesy produkcyjne",,
"Production stock locations","Lokalizacja zapasów produkcyjnych",,
"Production virtual stock location","Lokalizacje zapasów produkcyjnych",,
"Production waste","Wirtualna lokalizacja zapasów produkcyjnych",,
"Production's order created","Odpady produkcyjne",,
"Production.productStandard","Utworzone zlecenie produkcji",,
"Productions orders","Norma",,
"Products","Zamówienia na produkcję",,
"Products Wastes","Produkty",,
"Products associated with the work center will be used",,,
"Products to consume","Produkty Odpady",,
"Products to produce","Produkty do konsumpcji",,
"Profile","Produkty do produkcji",,
"Purchase currency is missing for product %s, please configure it.",,,
"Purchase order",,,
"Qty","Profil",,
"Qty cannot be null for prod product to generate. Please correct on prod product configurator id : %s.",,,
"Quantity","Ilość",,
"Quantity Wasted per Product","Ilość",,
"Rate","Ilość odpadów na produkt",,
"Rate type","Stawka",,
"Ratio",,,
"Raw material requirement","Typ stawki",,
"Raw material requirement filters",,,
"Raw materials to add to components",,,
"RawMaterialRequirement.available","Zapotrzebowanie na surowce",,
"RawMaterialRequirement.company","Dostępne w magazynie",,
"RawMaterialRequirement.from","Firma",,
"RawMaterialRequirement.manufOrder","Od",,
"RawMaterialRequirement.missingQuantity","ManufOrder",,
"RawMaterialRequirement.neededQuantity","Brakujące Qty",,
"RawMaterialRequirement.product","Potrzebna ilość",,
"RawMaterialRequirement.stockLocation","Produkt",,
"RawMaterialRequirement.stockLocations","Lokalizacja zapasów",,
"RawMaterialRequirement.title","Lokalizacje magazynowe",,
"RawMaterialRequirement.to","Wymagania dotyczące surowców",,
"Real","Do",,
"Real Qty","Rzeczywiste",,
"Real dates","Rzeczywiste Qty",,
"Real duration (hh:mm:ss)",,,
"Real end","Rzeczywisty czas trwania",,
"Real end date","Rzeczywisty koniec",,
"Real operations","Rzeczywista data końcowa",,
"Real production",,,
"Real sales",,,
"Real start","Rzeczywiste operacje",,
"Real start date","Rzeczywisty start",,
"Real stock",,,
"Real/Current Quantity","Rzeczywista data uruchomienia",,
"Reportings","Maszyny zamienne",,
"Reports","Sprawozdania",,
"Request reservation",,,
"Reserve all",,,
"Residual product","Sprawozdania",,
"Residual products","Produkt resztkowy",,
"Resources","Produkty pozostałe",,
"Results","Résultats",,
"Resume","Zasoby",,
"Revaluation at actual prices","Wznowić",,
"Run calculation","Lancer le calcul",,
"S&OP",,,
"Sale order","Aktualizacja wyceny w cenach rzeczywistych",,
"Sale orders",,,
"Sales and Operations Planning",,,
"Sales and Operations Planning Line",,,
"Sales and Operations Planning Lines",,,
"Sales and Operations Planning Lines generation",,,
"Sales forecast",,,
"Saturday hours",,,
"Save",,,
"Send email when manufacturing order finished","Envoyer un email lors de la fin de l'ordre de fabrication",,
"Send email when manufacturing order partially finished","Envoyer un email lors de la fin partielle de l'ordre de fabrication",,
"Sequence","Zamówienie sprzedaży",,
"Sequence by workshop","Kolejność",,
"Serial Nbr","Kolejność według warsztatów",,
"Serial Number","Serial Nbr",,
"Set to zero",,,
"Show all requirements ?","Numer seryjny",,
"Show requirements by MO",,,
"Sop",,,
"Split by tracking numbers","Pokaż wszystkie wymagania ?",,
"Standby","Podziel według numerów monitorowania",,
"Start","Gotowość do pracy",,
"Start Month",,,
"Start and End Month should not be more than 12 months apart",,,
"Start date","Start",,
"Started",,,
"Started by","Data początkowa",,
"Starting Date","Rozpoczęte przez",,
"Starting duration (hh:mm:ss)",,,
"Status","Czas trwania startu (hh:mm)",,
"Status considered to filter a manuf order",,,
"Status select",,,
"Stock Location","Status",,
"Stock forecast",,,
"Stock location","Lokalizacja zapasów",,
"Stock location for produced product","Lokalizacja zapasów",,
"Stock move","Lokalizacja magazynowa dla wytwarzanego produktu",,
"Stock move in","Przenoszenie zapasów",,
"Stock move line","Wprowadzanie zapasów",,
"Stock move lines","Linia przesuwu zapasów",,
"Stock move realize order select","Linie przesuwu zapasów",,
"Stock moves","Stock move realizuj zamówienie wybierając",,
"Stock moves in","Przeniesienia magazynowe",,
"Stock moves out","Przenoszenie zapasów w magazynie",,
"Stopped by","Wyprowadzenia zapasów",,
"Stopping Date","Zatrzymany przez",,
"Sub-process configuration","Data zatrzymania",,
"Subcontractor",,,
"Subcontractors",,,
"Subcontractors arrivals",,,
"Subcontractors deliveries",,,
"Subtract the product residuals cost on Cost sheet","Konfiguracja podprocesu",,
"Sunday hours",,,
"Supplier RFQ/PO",,,
"Surcharge","Odjąć koszt rezydualny produktu w arkuszu Koszt",,
"Template",,,
"The bill of materials %s has been generated","Dopłata",,
"The condition formula to generate the bill of material returns null value or is not consistent. Please correct on configurator BOM id : %s.",,,
"The condition formula to generate the prod process line returns null value or is not consistent. Please correct on prod process line configurator id : %s.",,,
"The condition formula to generate the prod product returns null value or is not consistent. Please correct on prod product configurator id : %s.",,,
"The formula script to fill the checkbox manage consumed products on phases returns null value or is not consistent. Please correct on prod process configurator id : %s.",,,
"The formula script to fill the name returns null value. Please correct on prod process configurator id : %s.",,,
"The formula script to fill the name returns null value. Please correct on prod process line configurator id : %s.",,,
"The formula script to fill the product returns null value. Please correct on prod product configurator id : %s.",,,
"The formula script to fill the qty returns null value. Please correct on prod product configurator id : %s.",,,
"The formula script to fill the unit returns null value. Please correct on prod product configurator id : %s.",,,
"The formula script to fill the work center returns null value. Please correct on prod process line configurator id : %s.",,,
"The manufacturing order was canceled.","Zamówienie produkcyjne zostało anulowane.",,
"The merge must concern only manufacturing orders with Draft or Planned status, with the same products and same workshop stock location and with all bill of materials compatibles.",,,
"The merge must concern only manufacturing orders with Draft or Planned status, with the same products and with all bill of materials compatibles.",,,
"The planned end date is inferior to the actual date","Został wygenerowany wykaz materiałów %.",,
"The product %s is not in the bill of materials related to this production process","Planowana data końcowa jest niższa od daty rzeczywistej",,
"The product cost cannot be changed because the product cost type is not manual","Produkt %s nie znajduje się w zestawieniu materiałów związanych z tym procesem produkcyjnym",,
"The production process and the bill of material must be applicable",,,
"The template to send message for manufacturing order is missing.",,,
"There currently is a ${difference} ${currency?.symbol} difference between your total forecast and the S&OP forecast. Proceed?",,,
"There no's defined nomenclature for product %s (%s)","Koszt produktu nie może być zmieniony, ponieważ typ kosztu produktu nie jest ręczny",,
"There's no configured sequence for fabrication's orders","Nie ma zdefiniowanej nomenklatury dla produktów %s (%s)",,
"There's no configured sequence for production's orders","Nie ma skonfigurowanej sekwencji dla zamówień produkcyjnych",,
"This bill of materials already has the following versions : <br/><ul> %s </ul>And these versions may also have ones. Do you still wish to create a new one ?","Nie ma skonfigurowanej sekwencji zamówień produkcyjnych",,
"This production process already has the following versions : <br/><ul> %s </ul>And these versions may also have ones. Do you still wish to create a new one ?","Ten wykaz materiałów ma już następujące wersje: <br/><ul> %s </ul>i te wersje mogą mieć również te. Czy nadal chcesz stworzyć nowy ?",,
"Thursday hours",,,
"Time difference (Minutes)","Ten proces produkcji ma już następujące wersje: <br/><ul> %s </ul>i te wersje mogą również mieć te. Czy nadal chcesz stworzyć nowy ?",,
"Time difference per manufacturing order","Różnica czasu (minuty)",,
"Timing of implementation (hh:mm:ss)",,,
"To","Różnica czasu na zlecenie produkcyjne",,
"To Date","Do",,
"To consume manuf order","Do daty",,
"To consume operation order","Aby zamówić manufakturę",,
"To consume prod process line","W celu wykonania operacji",,
"To consume products","Do zużywania linii technologicznej prod",,
"To produce manuf order","Konsumpcja produktów",,
"Too many days","Aby wykonać zamówienie manufaktury",,
"Too many iterations when searching for children bills of materials. Please check for bill of materials being in its own component list.",,,
"Too many recursive calls to create the bill of materials.","Zbyt wiele dni",,
"Too many recursive calls to import the bill of material configurator.",,,
"Tool",,,
"Tool Information",,,
"Tools",,,
"Total Planned Duration",,,
"Total Real Duration",,,
"Total forecast",,,
"Total hours",,,
"Total price",,,
"Tracking number search","Zbyt wiele powtarzających się połączeń w celu stworzenia zestawienia materiałów.",,
"Tuesday hours",,,
"Type","Wyszukiwanie numerów monitorowania",,
"Type select","Typ",,
"Type select icon",,,
"Unit","Wybór typu",,
"Unit cannot be null for prod product to generate. Please correct on prod product configurator id : %s.",,,
"Unit cost price",,,
"Unit price",,,
"Unknown parent context class.","Jednostka",,
"Update costs",,,
"Update costs date",,,
"Update planned quantities (Components and FP)","Nieznana klasa kontekstu rodzicielskiego.",,
"Update product cost price","Aktualizacja planowanych ilości (komponenty i PR)",,
"Update real quantities (Components and FP)","Aktualizacja kosztów produktu",,
"Uploaded file is not a CSV file",,,
"Urgent","Aktualizacja rzeczywistych ilości (komponenty i PR)",,
"Usable on production","Pilny",,
"Use a work center group model",,,
"Use generated product","Możliwość wykorzystania w produkcji",,
"Use this line in the generated purchase order",,,
"User","Wykorzystanie wygenerowanego produktu",,
"User Dashboard","Użytkownik",,
"Validate","Tablica rozdzielcza użytkownika",,
"Validated","Zatwierdzić",,
"Valuation Batch",,,
"Valuation date","Zatwierdzony",,
"Version management","Wersja",,
"Version number","Zarządzanie wersjami",,
"Waste","Numer wersji",,
"Waste description","Odpady",,
"Waste rate (%)","Opis odpadów",,
"Waste stock location","Wskaźnik odpadów (%)",,
"Waste stock move","Miejsce składowania odpadów",,
"Wednesday hours",,,
"Where-used list","Przenoszenie zapasów odpadów",,
"Work center","Gdzie używany wykaz",,
"Work center cannot be null for prod process line to generate. Please correct on prod process line configurator id : %s.",,,
"Work center filters",,,
"Work center group",,,
"Work center group cannot be null for prod process line to generate. Please correct on prod process line configurator id : %s.",,,
"Work center group model",,,
"Work center group models",,,
"Work center group selection",,,
"Work center group template",,,
"Work center groups",,,
"Work center is missing from prod process line %s-%s.",,,
"Work center model",,,
"Work center type","Centrum pracy",,
"Work centers","Typ centrum roboczego",,
"Work in progress","Centra pracy",,
"Work in progress valuation","Produkcja w toku",,
"WorkCenter","Wycena produkcji w toku",,
"WorkInProgressValuation.title","WorkCenter",,
"Workshop","Wycena produkcji w toku",,
"Workshops",,,
"Year",,,
"You can't manage the consumed products on phases because this production process is related to several bills of material","Warsztaty",,
"You can't remove this record","Nie można zarządzać zużytymi produktami na poszczególnych etapach, ponieważ ten proces produkcji jest związany z kilkoma rachunkami materiałów",,
"You cannot delete realized stock move lines.",,,
"You must add a positive quantity","Nie można usunąć tego rekordu",,
"You must configure a component default stock location for company %s.","Należy dodać ilość dodatnią",,
"You must configure a finished products default stock location for company %s.","Musisz skonfigurować domyślną lokalizację komponentu dla firmowego %s.",,
"You must configure a production for company %s","Musisz skonfigurować domyślną lokalizację zapasów gotowych produktów dla firmowych %s.",,
"You must configure a production virtual stock location for company %s","Musisz skonfigurować produkcję dla firmy %s",,
"You must configure a sequence for manufacturing order for company %s","Musisz skonfigurować wirtualną lokalizację produkcji dla firmy %s",,
"You must configure a waste stock location for company %s.","Musisz skonfigurować sekwencję zamówienia produkcyjnego dla firmy %s",,
"You must select a nomenclature","Musisz skonfigurować miejsce składowania odpadów dla firmowych %s.",,
"inOrOut is invalid","Należy wybrać nomenklaturę",,
"name","inOrOut jest nieważna",,
"value:Manufacturing","określenie",,
